1.000000000000000000e+00 4.800000000000000000e+01 5.595406321781606351e-01 2.000000000000000000e+00
1.300000000000000000e+01 4.100000000000000000e+01 5.991540331198401681e-01 2.000000000000000000e+00
4.000000000000000000e+00 2.400000000000000000e+01 7.445166700886668432e-01 2.000000000000000000e+00
8.000000000000000000e+00 4.400000000000000000e+01 7.527794645018249797e-01 2.000000000000000000e+00
1.700000000000000000e+01 2.800000000000000000e+01 7.914112832859374613e-01 2.000000000000000000e+00
4.500000000000000000e+01 4.600000000000000000e+01 8.046397641472206042e-01 2.000000000000000000e+00
2.200000000000000000e+01 3.500000000000000000e+01 8.622728942785644612e-01 2.000000000000000000e+00
1.000000000000000000e+01 5.100000000000000000e+01 9.452757378424645474e-01 3.000000000000000000e+00
1.800000000000000000e+01 3.000000000000000000e+01 9.517043620449365804e-01 2.000000000000000000e+00
1.900000000000000000e+01 4.700000000000000000e+01 9.547721052109975348e-01 2.000000000000000000e+00
1.600000000000000000e+01 2.700000000000000000e+01 9.931535925595875725e-01 2.000000000000000000e+00
6.000000000000000000e+00 3.400000000000000000e+01 1.023492587132095455e+00 2.000000000000000000e+00
2.000000000000000000e+01 3.900000000000000000e+01 1.058810684996969398e+00 2.000000000000000000e+00
0.000000000000000000e+00 2.500000000000000000e+01 1.058848556953357889e+00 2.000000000000000000e+00
7.000000000000000000e+00 2.900000000000000000e+01 1.142796533311922547e+00 2.000000000000000000e+00
2.000000000000000000e+00 5.900000000000000000e+01 1.149775875926385638e+00 3.000000000000000000e+00
5.000000000000000000e+01 5.500000000000000000e+01 1.153629727673923577e+00 4.000000000000000000e+00
4.200000000000000000e+01 4.300000000000000000e+01 1.225286841207216426e+00 2.000000000000000000e+00
4.000000000000000000e+01 5.400000000000000000e+01 1.338367475056472466e+00 3.000000000000000000e+00
5.800000000000000000e+01 6.000000000000000000e+01 1.344680724467202104e+00 4.000000000000000000e+00
1.200000000000000000e+01 6.100000000000000000e+01 1.430257405384344871e+00 3.000000000000000000e+00
3.300000000000000000e+01 5.700000000000000000e+01 1.466790410570523173e+00 4.000000000000000000e+00
5.200000000000000000e+01 7.100000000000000000e+01 1.578860969600855313e+00 6.000000000000000000e+00
9.000000000000000000e+00 6.500000000000000000e+01 1.664030405018552150e+00 4.000000000000000000e+00
1.100000000000000000e+01 6.700000000000000000e+01 1.666660970976219902e+00 3.000000000000000000e+00
5.000000000000000000e+00 5.600000000000000000e+01 1.718189887650951597e+00 3.000000000000000000e+00
3.200000000000000000e+01 6.800000000000000000e+01 1.744748937884250672e+00 4.000000000000000000e+00
1.500000000000000000e+01 5.300000000000000000e+01 1.794368200128729995e+00 3.000000000000000000e+00
3.600000000000000000e+01 6.300000000000000000e+01 1.852533513809139887e+00 3.000000000000000000e+00
6.600000000000000000e+01 7.200000000000000000e+01 1.864698569235551995e+00 1.000000000000000000e+01
3.000000000000000000e+00 3.800000000000000000e+01 1.872509377784602025e+00 2.000000000000000000e+00
7.000000000000000000e+01 7.300000000000000000e+01 1.984523740151458382e+00 7.000000000000000000e+00
1.400000000000000000e+01 6.900000000000000000e+01 1.989958497795960124e+00 5.000000000000000000e+00
2.600000000000000000e+01 3.700000000000000000e+01 2.093669554277377109e+00 2.000000000000000000e+00
3.100000000000000000e+01 7.600000000000000000e+01 2.173838042508456692e+00 5.000000000000000000e+00
4.900000000000000000e+01 8.000000000000000000e+01 2.226354903167421018e+00 3.000000000000000000e+00
6.200000000000000000e+01 7.900000000000000000e+01 2.282779504732857401e+00 1.200000000000000000e+01
7.500000000000000000e+01 8.100000000000000000e+01 2.585325733706862472e+00 1.000000000000000000e+01
2.100000000000000000e+01 8.200000000000000000e+01 2.642354428137883460e+00 6.000000000000000000e+00
7.800000000000000000e+01 8.400000000000000000e+01 2.806288228927982242e+00 8.000000000000000000e+00
8.600000000000000000e+01 8.800000000000000000e+01 3.159022666942494340e+00 1.800000000000000000e+01
6.400000000000000000e+01 7.700000000000000000e+01 3.162455956332299145e+00 5.000000000000000000e+00
7.400000000000000000e+01 9.100000000000000000e+01 3.319185834541892532e+00 8.000000000000000000e+00
8.700000000000000000e+01 9.000000000000000000e+01 3.462005109547947157e+00 2.800000000000000000e+01
8.300000000000000000e+01 8.900000000000000000e+01 3.562195911517064051e+00 1.000000000000000000e+01
2.300000000000000000e+01 9.200000000000000000e+01 4.320596373525450673e+00 9.000000000000000000e+00
8.500000000000000000e+01 9.400000000000000000e+01 4.628141673319764671e+00 1.300000000000000000e+01
9.300000000000000000e+01 9.500000000000000000e+01 5.531014614893344117e+00 3.700000000000000000e+01
9.600000000000000000e+01 9.700000000000000000e+01 7.552256871784884140e+00 5.000000000000000000e+01
